%YAML:1.0
cameraMatrix: !!opencv-matrix
   rows: 3
   cols: 3
   dt: d
   data: [ 3.0153935035079835e+03, 0., 2.7529563065375055e+02, 0.,
       3.0153935035079835e+03, 1.1907348395109930e+03, 0., 0., 1. ]
focalLength: 3.0153935035079835e+03
fov: [ 3.5319455309588704e+01, 2.0305938068444078e+01 ]
principalPoint: [ 2.7529563065375055e+02, 1.1907348395109930e+03 ]
imageSize: [ 1920, 1080 ]
translationVector: !!opencv-matrix
   rows: 3
   cols: 1
   dt: d
   data: [ 6.0195152809475786e+01, -5.8090789005053473e+01,
       2.5049906660336487e+02 ]
rotationVector: !!opencv-matrix
   rows: 3
   cols: 1
   dt: d
   data: [ -1.8040888951694765e+00, 8.6134875383124843e-01,
       -1.5900667878659682e+00 ]
rotationMatrix: !!opencv-matrix
   rows: 3
   cols: 3
   dt: d
   data: [ 8.1573561745475032e-02, -9.1548305654254869e-02,
       9.9245385875414471e-01, -7.8128738711682311e-01,
       -6.2413610450925938e-01, 6.6439280680946067e-03,
       6.1881804495047188e-01, -7.7593365101652978e-01,
       -1.2243854157835166e-01 ]
rotationAngleRadians: 2.5544022406964149e+00
rotationAngleDegrees: 1.4635647583007812e+02
rotationAxis: !!opencv-matrix
   rows: 3
   cols: 1
   dt: d
   data: [ -7.0626656461028703e-01, 3.3720169052013366e-01,
       -6.2248097129466307e-01 ]
euler: !!opencv-matrix
   rows: 3
   cols: 1
   dt: d
   data: [ -5.1378597259521484e+01, -8.2490486145019531e+01,
       -1.7939012145996094e+02 ]
