%YAML:1.0
cameraMatrix: !!opencv-matrix
   rows: 3
   cols: 3
   dt: d
   data: [ 7.9992507793400400e+03, 0., -1.6988446569584298e+03, 0.,
       7.9992507793400400e+03, 3.6510117194176778e+03, 0., 0., 1. ]
focalLength: 7.9992507793400400e+03
fov: [ 1.3686816476640301e+01, 7.7239359972155173e+00 ]
principalPoint: [ -1.6988446569584298e+03, 3.6510117194176778e+03 ]
imageSize: [ 1920, 1080 ]
translationVector: !!opencv-matrix
   rows: 3
   cols: 1
   dt: d
   data: [ 2.1131714038164074e+02, -2.5583347293599272e+02,
       6.4889784249665638e+02 ]
rotationVector: !!opencv-matrix
   rows: 3
   cols: 1
   dt: d
   data: [ -1.9239912567362270e+00, 9.5410466468832034e-01,
       -1.2469557232263802e+00 ]
rotationMatrix: !!opencv-matrix
   rows: 3
   cols: 3
   dt: d
   data: [ 2.8403158870454470e-01, -2.2596433607353567e-01,
       9.3180801426088722e-01, -8.4030837498384625e-01,
       -5.2667817830628283e-01, 1.2842091507220582e-01,
       4.6174440066987177e-01, -8.1948167479134115e-01,
       -3.3947296377060593e-01 ]
rotationAngleRadians: 2.4833357893898449e+00
rotationAngleDegrees: 1.4228465270996094e+02
rotationAxis: !!opencv-matrix
   rows: 3
   cols: 1
   dt: d
   data: [ -7.7476081364290694e-01, 3.8420284069708655e-01,
       -5.0212932481948280e-01 ]
euler: !!opencv-matrix
   rows: 3
   cols: 1
   dt: d
   data: [ -5.7172702789306641e+01, -5.8403186798095703e+01,
       -1.6629684448242188e+02 ]
