%YAML:1.0
cameraMatrix: !!opencv-matrix
   rows: 3
   cols: 3
   dt: d
   data: [ 2.9537045685955600e+03, 0., 9.9885658846071635e+02, 0.,
       2.9537045685955600e+03, -6.3167873604490921e+02, 0., 0., 1. ]
focalLength: 2.9537045685955600e+03
fov: [ 3.6009937857038572e+01, 2.0720939679940059e+01 ]
principalPoint: [ 9.9885658846071635e+02, -6.3167873604490921e+02 ]
imageSize: [ 1920, 1080 ]
translationVector: !!opencv-matrix
   rows: 3
   cols: 1
   dt: d
   data: [ 1.6817270300641809e+00, 9.0366528911144343e+01,
       2.3924199635172900e+02 ]
rotationVector: !!opencv-matrix
   rows: 3
   cols: 1
   dt: d
   data: [ -2.0020005145656374e+00, 2.8462777052893878e-01,
       -2.1053673006994504e+00 ]
rotationMatrix: !!opencv-matrix
   rows: 3
   cols: 3
   dt: d
   data: [ -4.6282036159942752e-02, 2.7002110020679065e-02,
       9.9856339767854529e-01, -2.9118132713158562e-01,
       -9.5658788836182629e-01, 1.2371199188063703e-02,
       9.5554770046229409e-01, -2.9019045107290031e-01,
       5.2135345470499361e-02 ]
rotationAngleRadians: 2.9191763391292143e+00
rotationAngleDegrees: 1.6725648498535156e+02
rotationAxis: !!opencv-matrix
   rows: 3
   cols: 1
   dt: d
   data: [ -6.8581006489071195e-01, 9.7502767035253096e-02,
       -7.2121963736095440e-01 ]
euler: !!opencv-matrix
   rows: 3
   cols: 1
   dt: d
   data: [ -1.6928695678710938e+01, -9.2772964477539062e+01,
       -1.7925904846191406e+02 ]
