%YAML:1.0
cameraMatrix: !!opencv-matrix
   rows: 3
   cols: 3
   dt: d
   data: [ 9.3818352529193862e+02, 0., 4.8208344679089259e+02, 0.,
       9.3818352529193862e+02, 8.7102677995652073e+01, 0., 0., 1. ]
focalLength: 9.3818352529193862e+02
fov: [ 5.7245723921923471e+01, 4.4518726038205180e+01 ]
principalPoint: [ 4.8208344679089259e+02, 8.7102677995652073e+01 ]
imageSize: [ 1024, 768 ]
translationVector: !!opencv-matrix
   rows: 3
   cols: 1
   dt: d
   data: [ 6.3080616661062470e+00, 6.6086776858450605e+01,
       2.0756502379865924e+02 ]
rotationVector: !!opencv-matrix
   rows: 3
   cols: 1
   dt: d
   data: [ -2.5461795567352072e+00, 4.3245700079209137e-03,
       6.7783624830812267e-02 ]
rotationMatrix: !!opencv-matrix
   rows: 3
   cols: 3
   dt: d
   data: [ 9.9869981905911609e-01, -1.8008816601522998e-02,
       -4.7690186997962562e-02, 1.1802241573154987e-02,
       -8.2841927460876830e-01, 5.5998411812347948e-01,
       -4.9592121401860000e-02, -5.5981888855351669e-01,
       -8.2712963525288363e-01 ]
rotationAngleRadians: 2.5470853257865658e+00
rotationAngleDegrees: 1.4593724060058594e+02
rotationAxis: !!opencv-matrix
   rows: 3
   cols: 1
   dt: d
   data: [ -9.9964438998482363e-01, 1.6978504662325919e-03,
       2.6612231692662278e-02 ]
euler: !!opencv-matrix
   rows: 3
   cols: 1
   dt: d
   data: [ 6.7623436450958252e-01, 2.8427832126617432e+00,
       -1.4594261169433594e+02 ]
