%YAML:1.0
cameraMatrix: !!opencv-matrix
   rows: 3
   cols: 3
   dt: d
   data: [ 1.6809573081097049e+04, 0., 1.7466873532649024e+03, 0.,
       1.6809573081097049e+04, 3.6919944695722379e+03, 0., 0., 1. ]
focalLength: 1.6809573081097049e+04
fov: [ 6.5372588285368138e+00, 3.6799369317735606e+00 ]
principalPoint: [ 1.7466873532649024e+03, 3.6919944695722379e+03 ]
imageSize: [ 1920, 1080 ]
translationVector: !!opencv-matrix
   rows: 3
   cols: 1
   dt: d
   data: [ -6.4315667888798643e+01, -2.5471631826071703e+02,
       1.3565046707949546e+03 ]
rotationVector: !!opencv-matrix
   rows: 3
   cols: 1
   dt: d
   data: [ -1.8493818140344549e+00, 6.7071408808547628e-01,
       -1.6157344999900740e+00 ]
rotationMatrix: !!opencv-matrix
   rows: 3
   cols: 3
   dt: d
   data: [ 1.3690051982414919e-01, 6.3935113799399867e-03,
       9.9056416787814017e-01, -7.0602413763387872e-01,
       -7.0078935383938490e-01, 1.0209896485134046e-01,
       6.9482959403742706e-01, -7.1333961375884058e-01,
       -9.1424453469367006e-02 ]
rotationAngleRadians: 2.5457157061415709e+00
rotationAngleDegrees: 1.4585876464843750e+02
rotationAxis: !!opencv-matrix
   rows: 3
   cols: 1
   dt: d
   data: [ -7.2646832070556744e-01, 2.6346778882943217e-01,
       -6.3468772105702698e-01 ]
euler: !!opencv-matrix
   rows: 3
   cols: 1
   dt: d
   data: [ -4.4912345886230469e+01, -7.8853919982910156e+01,
       -1.7171080017089844e+02 ]
