%YAML:1.0
cameraMatrix: !!opencv-matrix
   rows: 3
   cols: 3
   dt: d
   data: [ 1.7690114025291209e+03, 0., 9.3370338060265442e+02, 0.,
       1.7690114025291209e+03, 4.5143947062902612e+02, 0., 0., 1. ]
focalLength: 1.7690114025291209e+03
fov: [ 5.6975241720558387e+01, 3.3950168938123802e+01 ]
principalPoint: [ 9.3370338060265442e+02, 4.5143947062902612e+02 ]
imageSize: [ 1920, 1080 ]
translationVector: !!opencv-matrix
   rows: 3
   cols: 1
   dt: d
   data: [ 1.2312625868333986e+00, -2.6676138683496955e+00,
       1.5945147865956912e+02 ]
rotationVector: !!opencv-matrix
   rows: 3
   cols: 1
   dt: d
   data: [ 2.3733016458854808e-01, -1.1683093974471332e+00,
       2.4792499653781528e+00 ]
rotationMatrix: !!opencv-matrix
   rows: 3
   cols: 3
   dt: d
   data: [ -9.1035552808431575e-01, -4.1365140499788916e-01,
       -1.2055190981435343e-02, 2.7261832924776602e-01,
       -5.7754723733165148e-01, -7.6949232303430659e-01,
       3.1133913831139703e-01, -7.0379805611684476e-01,
       6.3854227515620865e-01 ]
rotationAngleRadians: 2.7509912478985612e+00
rotationAngleDegrees: 1.5762019348144531e+02
rotationAxis: !!opencv-matrix
   rows: 3
   cols: 1
   dt: d
   data: [ 8.6270781402827387e-02, -4.2468670096263900e-01,
       9.0122059358495332e-01 ]
euler: !!opencv-matrix
   rows: 3
   cols: 1
   dt: d
   data: [ 1.5820130348205566e+01, -1.6111944580078125e+02,
       1.2689029693603516e+02 ]
