%YAML:1.0
cameraMatrix: !!opencv-matrix
   rows: 3
   cols: 3
   dt: d
   data: [ 2.4777390633965592e+03, 0., 9.1631983776924858e+02, 0.,
       2.4777390633965592e+03, 2.2079278517021248e+02, 0., 0., 1. ]
focalLength: 2.4777390633965592e+03
fov: [ 4.2357717347219499e+01, 2.4589647512672489e+01 ]
principalPoint: [ 9.1631983776924858e+02, 2.2079278517021248e+02 ]
imageSize: [ 1920, 1080 ]
translationVector: !!opencv-matrix
   rows: 3
   cols: 1
   dt: d
   data: [ 1.3262349251051855e+01, 2.0131770132512820e+01,
       1.9465482400546898e+02 ]
rotationVector: !!opencv-matrix
   rows: 3
   cols: 1
   dt: d
   data: [ -1.8553618483393113e+00, -5.5769708303544518e-01,
       1.8524803872050122e+00 ]
rotationMatrix: !!opencv-matrix
   rows: 3
   cols: 3
   dt: d
   data: [ 1.2598577163132729e-02, -3.4504847021539498e-02,
       -9.9932511795985846e-01, 5.8046959971226353e-01,
       -8.1351175904849071e-01, 3.5407085445079978e-02,
       -8.1418445063962597e-01, -5.8052393010267089e-01,
       9.7799240692378886e-03 ]
rotationAngleRadians: 2.6804994328815930e+00
rotationAngleDegrees: 1.5358129882812500e+02
rotationAxis: !!opencv-matrix
   rows: 3
   cols: 1
   dt: d
   data: [ -6.9217020737988311e-01, -2.0805715389982724e-01,
       6.9109523564179876e-01 ]
euler: !!opencv-matrix
   rows: 3
   cols: 1
   dt: d
   data: [ 3.5483585357666016e+01, 8.9113479614257812e+01,
       -1.7750782775878906e+02 ]
