%YAML:1.0
cameraMatrix: !!opencv-matrix
   rows: 3
   cols: 3
   dt: d
   data: [ 2.5602914035798212e+03, 0., 8.8396061696601066e+02, 0.,
       2.5602914035798212e+03, -1.3367622004211137e+02, 0., 0., 1. ]
focalLength: 2.5602914035798212e+03
fov: [ 4.1107802460774472e+01, 2.3819796912273940e+01 ]
principalPoint: [ 8.8396061696601066e+02, -1.3367622004211137e+02 ]
imageSize: [ 1920, 1080 ]
translationVector: !!opencv-matrix
   rows: 3
   cols: 1
   dt: d
   data: [ -2.8562460556401872e+00, 4.4889924110629352e+01,
       2.1735126098934290e+02 ]
rotationVector: !!opencv-matrix
   rows: 3
   cols: 1
   dt: d
   data: [ -1.9622153723642610e+00, -5.2029615699020848e-01,
       1.8235248260836832e+00 ]
rotationMatrix: !!opencv-matrix
   rows: 3
   cols: 3
   dt: d
   data: [ 7.4723945868338304e-02, -5.3991754166691774e-03,
       -9.9718964135147592e-01, 5.3079287368446715e-01,
       -8.4633998474585193e-01, 4.4357135459544450e-02,
       -8.4420095780545668e-01, -5.3261569553028676e-01,
       -6.0376019371419454e-02 ]
rotationAngleRadians: 2.7287799562927244e+00
rotationAngleDegrees: 1.5634757995605469e+02
rotationAxis: !!opencv-matrix
   rows: 3
   cols: 1
   dt: d
   data: [ -7.1908156897710962e-01, -1.9066988372967758e-01,
       6.6825645720481397e-01 ]
euler: !!opencv-matrix
   rows: 3
   cols: 1
   dt: d
   data: [ 3.2059040069580078e+01, 8.4941680908203125e+01,
       -1.7699984741210938e+02 ]
