%YAML:1.0
cameraMatrix: !!opencv-matrix
   rows: 3
   cols: 3
   dt: d
   data: [ 2.8783853748307642e+03, 0., 9.5763567312436601e+02, 0.,
       2.8783853748307642e+03, -3.2364131211959625e+02, 0., 0., 1. ]
focalLength: 2.8783853748307642e+03
fov: [ 3.6889180543510157e+01, 2.1250953487905164e+01 ]
principalPoint: [ 9.5763567312436601e+02, -3.2364131211959625e+02 ]
imageSize: [ 1920, 1080 ]
translationVector: !!opencv-matrix
   rows: 3
   cols: 1
   dt: d
   data: [ 4.6097263766752772e-01, 6.2088288191992866e+01,
       2.2516726925621799e+02 ]
rotationVector: !!opencv-matrix
   rows: 3
   cols: 1
   dt: d
   data: [ -2.0691835261113827e+00, -4.2012190218129519e-01,
       1.9236879251638159e+00 ]
rotationMatrix: !!opencv-matrix
   rows: 3
   cols: 3
   dt: d
   data: [ 6.8777569311978759e-02, 1.9269320638851201e-02,
       -9.9744590792766974e-01, 3.9832372799447924e-01,
       -9.1719311205141774e-01, 9.7469442398940287e-03,
       -9.1466269940132372e-01, -3.9797674365162677e-01,
       -7.0757740469373775e-02 ]
rotationAngleRadians: 2.8563259811940638e+00
rotationAngleDegrees: 1.6365541076660156e+02
rotationAxis: !!opencv-matrix
   rows: 3
   cols: 1
   dt: d
   data: [ -7.2442135097142424e-01, -1.4708471825252475e-01,
       6.7348332712347980e-01 ]
euler: !!opencv-matrix
   rows: 3
   cols: 1
   dt: d
   data: [ 2.3473436355590820e+01, 8.5699775695800781e+01,
       -1.7939112854003906e+02 ]
