%YAML:1.0
cameraMatrix: !!opencv-matrix
   rows: 3
   cols: 3
   dt: d
   data: [ 2.7595735916245380e+03, 0., 9.7600144893329434e+02, 0.,
       2.7595735916245380e+03, -9.3790368323674230e+01, 0., 0., 1. ]
focalLength: 2.7595735916245380e+03
fov: [ 3.8363510097239356e+01, 2.2143741756176919e+01 ]
principalPoint: [ 9.7600144893329434e+02, -9.3790368323674230e+01 ]
imageSize: [ 1920, 1080 ]
translationVector: !!opencv-matrix
   rows: 3
   cols: 1
   dt: d
   data: [ 2.8039121150059888e-02, 4.5871804225058682e+01,
       2.2503085693793869e+02 ]
rotationVector: !!opencv-matrix
   rows: 3
   cols: 1
   dt: d
   data: [ -2.0482329414235219e+00, -4.5160052432767567e-01,
       1.9104270099158551e+00 ]
rotationMatrix: !!opencv-matrix
   rows: 3
   cols: 3
   dt: d
   data: [ 6.4467861181002895e-02, 2.2643177315032903e-02,
       -9.9766285958525402e-01, 4.2646139234782765e-01,
       -9.0447845245608682e-01, 7.0292161294475131e-03,
       -9.0220539552338008e-01, -4.2591785072208732e-01,
       -6.7966232239095592e-02 ]
rotationAngleRadians: 2.8370640768444972e+00
rotationAngleDegrees: 1.6255178833007812e+02
rotationAxis: !!opencv-matrix
   rows: 3
   cols: 1
   dt: d
   data: [ -7.2195512189546773e-01, -1.5917882433940825e-01,
       6.7338169254207070e-01 ]
euler: !!opencv-matrix
   rows: 3
   cols: 1
   dt: d
   data: [ 2.5243200302124023e+01, 8.5912826538085938e+01,
       -1.7955473327636719e+02 ]
