%YAML:1.0
cameraMatrix: !!opencv-matrix
   rows: 3
   cols: 3
   dt: d
   data: [ 3.0547768285822203e+03, 0., -7.9953581194189397e+01, 0.,
       3.0547768285822203e+03, 1.4808904151715831e+03, 0., 0., 1. ]
focalLength: 3.0547768285822203e+03
fov: [ 3.4891894248623991e+01, 2.0049490015126736e+01 ]
principalPoint: [ -7.9953581194189397e+01, 1.4808904151715831e+03 ]
imageSize: [ 1920, 1080 ]
translationVector: !!opencv-matrix
   rows: 3
   cols: 1
   dt: d
   data: [ 8.3341984362387436e+01, -8.1093255161215822e+01,
       2.4491526654092979e+02 ]
rotationVector: !!opencv-matrix
   rows: 3
   cols: 1
   dt: d
   data: [ 2.0573772324094350e+00, 1.3283257830372022e+00,
       -2.9546255856860308e+00 ]
rotationMatrix: !!opencv-matrix
   rows: 3
   cols: 3
   dt: d
   data: [ -2.5943251387422206e-01, -1.6565546335659181e-01,
       -9.5144786415494909e-01, 8.2160667234230655e-01,
       -5.5566320189503138e-01, -1.2728268547749633e-01,
       -5.0759949439248175e-01, -8.1473718064163148e-01,
       2.8026073533875961e-01 ]
rotationAngleRadians: 3.8375855448326655e+00
rotationAngleDegrees: 2.1987745666503906e+02
rotationAxis: !!opencv-matrix
   rows: 3
   cols: 1
   dt: d
   data: [ 5.3611240931937199e-01, 3.4613581052956638e-01,
       -7.6991784317732126e-01 ]
euler: !!opencv-matrix
   rows: 3
   cols: 1
   dt: d
   data: [ 5.5245960235595703e+01, 1.1707142639160156e+02,
       1.6709815979003906e+02 ]
