%YAML:1.0
cameraMatrix: !!opencv-matrix
   rows: 3
   cols: 3
   dt: d
   data: [ 1.7440520118020122e+03, 0., 3.9145530632856270e+02, 0.,
       1.7440520118020122e+03, 5.6894026674886049e+02, 0., 0., 1. ]
focalLength: 1.7440520118020122e+03
fov: [ 5.7660492925148731e+01, 3.4407537766725397e+01 ]
principalPoint: [ 3.9145530632856270e+02, 5.6894026674886049e+02 ]
imageSize: [ 1920, 1080 ]
translationVector: !!opencv-matrix
   rows: 3
   cols: 1
   dt: d
   data: [ 5.5426390536426069e+01, -1.1652240512394789e+01,
       1.6373937645069199e+02 ]
rotationVector: !!opencv-matrix
   rows: 3
   cols: 1
   dt: d
   data: [ -1.4093328059658701e+00, -6.3284591966830461e-01,
       2.0880210475533372e+00 ]
rotationMatrix: !!opencv-matrix
   rows: 3
   cols: 3
   dt: d
   data: [ -3.0926707895696304e-01, -1.7088280594802921e-01,
       -9.3549609326001781e-01, 6.6148909060018402e-01,
       -7.4540057123691172e-01, -8.2523762739148021e-02,
       -6.8321743017166159e-01, -6.4434234303746774e-01,
       3.4356496922506141e-01 ]
rotationAngleRadians: 2.5974111748119877e+00
rotationAngleDegrees: 1.4882069396972656e+02
rotationAxis: !!opencv-matrix
   rows: 3
   cols: 1
   dt: d
   data: [ -5.4259133849606389e-01, -2.4364487448319108e-01,
       8.0388544863501543e-01 ]
euler: !!opencv-matrix
   rows: 3
   cols: 1
   dt: d
   data: [ 4.1413539886474609e+01, 1.1435449981689453e+02,
       1.7368247985839844e+02 ]
