%YAML:1.0
cameraMatrix: !!opencv-matrix
   rows: 3
   cols: 3
   dt: d
   data: [ 3.4788346858620675e+03, 0., 7.4768629236942502e+02, 0.,
       3.4788346858620675e+03, 1.2247681354287565e+03, 0., 0., 1. ]
focalLength: 3.4788346858620675e+03
fov: [ 3.0854162543912167e+01, 1.7646575309075018e+01 ]
principalPoint: [ 7.4768629236942502e+02, 1.2247681354287565e+03 ]
imageSize: [ 1920, 1080 ]
translationVector: !!opencv-matrix
   rows: 3
   cols: 1
   dt: d
   data: [ 1.6024027424677094e+01, -5.4054573008320723e+01,
       2.9613390932220176e+02 ]
rotationVector: !!opencv-matrix
   rows: 3
   cols: 1
   dt: d
   data: [ -2.3378832147815847e+00, -3.3942716656184552e-01,
       -2.6526837140832454e-02 ]
rotationMatrix: !!opencv-matrix
   rows: 3
   cols: 3
   dt: d
   data: [ 9.6445522979017739e-01, 2.5122549476203682e-01,
       -8.1925945291745850e-02, 2.3544772356711594e-01,
       -6.7625302680651544e-01, 6.9803023802847486e-01,
       1.1996032343003779e-01, -6.9250819093827043e-01,
       -7.1136623920872466e-01 ]
rotationAngleRadians: 2.3625436293212401e+00
rotationAngleDegrees: 1.3536376953125000e+02
rotationAxis: !!opencv-matrix
   rows: 3
   cols: 1
   dt: d
   data: [ -9.8956192205993665e-01, -1.4367022151432737e-01,
       -1.1228083499331451e-02 ]
euler: !!opencv-matrix
   rows: 3
   cols: 1
   dt: d
   data: [ 1.3618015289306641e+01, -7.0901174545288086e+00,
       -1.3409214782714844e+02 ]
