%YAML:1.0
cameraMatrix: !!opencv-matrix
   rows: 3
   cols: 3
   dt: d
   data: [ 6.4989710075762241e+02, 0., 5.2063141905295038e+02, 0.,
       6.4989710075762241e+02, 4.1381678031989480e+02, 0., 0., 1. ]
focalLength: 6.4989710075762241e+02
fov: [ 7.6463283371834422e+01, 6.1154519263071002e+01 ]
principalPoint: [ 5.2063141905295038e+02, 4.1381678031989480e+02 ]
imageSize: [ 1024, 768 ]
translationVector: !!opencv-matrix
   rows: 3
   cols: 1
   dt: d
   data: [ -1.2802199606442526e+00, -5.2877935108494638e+00,
       1.2351563740258830e+02 ]
rotationVector: !!opencv-matrix
   rows: 3
   cols: 1
   dt: d
   data: [ -3.4326129058950224e-02, 1.3697983529460898e+00,
       -2.7561519723913666e+00 ]
rotationMatrix: !!opencv-matrix
   rows: 3
   cols: 3
   dt: d
   data: [ -9.9772827212564241e-01, 4.7015963742272161e-02,
       4.8247219138159186e-02, -6.6848265681133695e-02,
       -6.0226866480649166e-01, -7.9548963837854636e-01,
       -8.3429237443935801e-03, -7.9690774531660269e-01,
       6.0404340992829675e-01 ]
rotationAngleRadians: 3.0779700300338875e+00
rotationAngleDegrees: 1.7635469055175781e+02
rotationAxis: !!opencv-matrix
   rows: 3
   cols: 1
   dt: d
   data: [ -1.1152197300170691e-02, 4.4503303787236964e-01,
       -8.9544470722511293e-01 ]
euler: !!opencv-matrix
   rows: 3
   cols: 1
   dt: d
   data: [ -3.8329825401306152e+00, 1.7952090454101562e+02,
       1.2712953186035156e+02 ]
