%YAML:1.0
cameraMatrix: !!opencv-matrix
   rows: 3
   cols: 3
   dt: d
   data: [ 2.3382264413687640e+03, 0., 1.0486982068037610e+03, 0.,
       2.3382264413687640e+03, 5.7417178486169666e+02, 0., 0., 1. ]
focalLength: 2.3382264413687640e+03
fov: [ 4.4642928478028196e+01, 2.6008276767502053e+01 ]
principalPoint: [ 1.0486982068037610e+03, 5.7417178486169666e+02 ]
imageSize: [ 1920, 1080 ]
translationVector: !!opencv-matrix
   rows: 3
   cols: 1
   dt: d
   data: [ -1.6361237814253467e+01, -1.4756608667057462e+01,
       1.9688473679248719e+02 ]
rotationVector: !!opencv-matrix
   rows: 3
   cols: 1
   dt: d
   data: [ -1.8368040695291210e+00, -7.5926141317176321e-01,
       1.5191155991070375e+00 ]
rotationMatrix: !!opencv-matrix
   rows: 3
   cols: 3
   dt: d
   data: [ 1.6945039850244081e-01, 3.8958739260586905e-02,
       -9.8476838854757598e-01, 7.6424523807157829e-01,
       -6.3609831266601957e-01, 1.0633979832762247e-01,
       -6.2226664584587899e-01, -7.7062387275419164e-01,
       -1.3756114352916304e-01 ]
rotationAngleRadians: 2.5016073406553350e+00
rotationAngleDegrees: 1.4333154296875000e+02
rotationAxis: !!opencv-matrix
   rows: 3
   cols: 1
   dt: d
   data: [ -7.3424955214911614e-01, -3.0350942805151143e-01,
       6.0725581286033548e-01 ]
euler: !!opencv-matrix
   rows: 3
   cols: 1
   dt: d
   data: [ 4.9839881896972656e+01, 7.4767051696777344e+01,
       -1.7050935363769531e+02 ]
