%YAML:1.0
cameraMatrix: !!opencv-matrix
   rows: 3
   cols: 3
   dt: d
   data: [ 1.6656157834563292e+03, 0., 6.2815051319606664e+02, 0.,
       1.6656157834563292e+03, 9.0937778037251860e+02, 0., 0., 1. ]
focalLength: 1.6656157834563292e+03
fov: [ 5.9915149833992970e+01, 3.5925846789327828e+01 ]
principalPoint: [ 6.2815051319606664e+02, 9.0937778037251860e+02 ]
imageSize: [ 1920, 1080 ]
translationVector: !!opencv-matrix
   rows: 3
   cols: 1
   dt: d
   data: [ 4.1295460539955656e+01, -4.0002058528981365e+01,
       1.4880354331414202e+02 ]
rotationVector: !!opencv-matrix
   rows: 3
   cols: 1
   dt: d
   data: [ -1.3810142213457584e+00, -8.0416343475267527e-01,
       1.7253726582367015e+00 ]
rotationMatrix: !!opencv-matrix
   rows: 3
   cols: 3
   dt: d
   data: [ -1.1638213566039290e-01, -1.7891327941465990e-01,
       -9.7695713158163577e-01, 8.6321296023579874e-01,
       -5.0473285086363728e-01, -1.0398775890198109e-02,
       -4.9124187909834716e-01, -8.4453228932241375e-01,
       2.1318214867049168e-01 ]
rotationAngleRadians: 2.3517631511577082e+00
rotationAngleDegrees: 1.3474610900878906e+02
rotationAxis: !!opencv-matrix
   rows: 3
   cols: 1
   dt: d
   data: [ -5.8722504460788194e-01, -3.4194065603792106e-01,
       7.3365068986107218e-01 ]
euler: !!opencv-matrix
   rows: 3
   cols: 1
   dt: d
   data: [ 5.9679256439208984e+01, 1.0332843017578125e+02,
       1.7881971740722656e+02 ]
