%YAML:1.0
cameraMatrix: !!opencv-matrix
   rows: 3
   cols: 3
   dt: d
   data: [ 6.9743145781580847e+02, 0., 5.3162875132872091e+02, 0.,
       6.9743145781580847e+02, 3.6812122732075704e+02, 0., 0., 1. ]
focalLength: 6.9743145781580847e+02
fov: [ 7.2566446791033712e+01, 5.7673634690163034e+01 ]
principalPoint: [ 5.3162875132872091e+02, 3.6812122732075704e+02 ]
imageSize: [ 1024, 768 ]
translationVector: !!opencv-matrix
   rows: 3
   cols: 1
   dt: d
   data: [ -1.2591761844200265e+01, 1.2545782389932102e+01,
       4.6045962101314115e+02 ]
rotationVector: !!opencv-matrix
   rows: 3
   cols: 1
   dt: d
   data: [ -2.2501884421002187e+00, 1.1128997542001821e-01,
       1.1759201641006994e-01 ]
rotationMatrix: !!opencv-matrix
   rows: 3
   cols: 3
   dt: d
   data: [ 9.9159022564278565e-01, -1.2069984740555581e-01,
       -4.6694445557949070e-02, -3.9982030544429788e-02,
       -6.2886157204165005e-01, 7.7648860934520381e-01,
       -1.2308639909930344e-01, -7.6809157660111060e-01,
       -6.2839881310453383e-01 ]
rotationAngleRadians: 2.2560056218710502e+00
rotationAngleDegrees: 1.2925959777832031e+02
rotationAxis: !!opencv-matrix
   rows: 3
   cols: 1
   dt: d
   data: [ -9.9742146929314512e-01, 4.9330539933547808e-02,
       5.2123990858029573e-02 ]
euler: !!opencv-matrix
   rows: 3
   cols: 1
   dt: d
   data: [ -2.2914133071899414e+00, 7.0759496688842773e+00,
       -1.2900328063964844e+02 ]
