%YAML:1.0
cameraMatrix: !!opencv-matrix
   rows: 3
   cols: 3
   dt: d
   data: [ 1.4088754269193701e+03, 0., 8.8279025199046464e+02, 0.,
       1.4088754269193701e+03, 5.6579395758947408e+02, 0., 0., 1. ]
focalLength: 1.4088754269193701e+03
fov: [ 6.8540606264312473e+01, 4.6135552812910603e+01 ]
principalPoint: [ 8.8279025199046464e+02, 5.6579395758947408e+02 ]
imageSize: [ 1920, 1200 ]
translationVector: !!opencv-matrix
   rows: 3
   cols: 1
   dt: d
   data: [ 2.7401175050528657e+01, 1.0372155202099217e+01,
       5.3137673717379369e+02 ]
rotationVector: !!opencv-matrix
   rows: 3
   cols: 1
   dt: d
   data: [ -2.3471520514170652e+00, 9.2683144157376093e-02,
       2.6708046897658022e-01 ]
rotationMatrix: !!opencv-matrix
   rows: 3
   cols: 3
   dt: d
   data: [ 9.7550895853242370e-01, -1.4591100327071882e-01,
       -1.6459723857804640e-01, 1.2585842325925370e-02,
       -7.1005361668831612e-01, 7.0403512554473369e-01,
       -2.1959933605531004e-01, -6.8886416698241337e-01,
       -6.9082725123701716e-01 ]
rotationAngleRadians: 2.3641160916061175e+00
rotationAngleDegrees: 1.3545387268066406e+02
rotationAxis: !!opencv-matrix
   rows: 3
   cols: 1
   dt: d
   data: [ -9.9282436245441430e-01, 3.9204142506559243e-02,
       1.1297265389160009e-01 ]
euler: !!opencv-matrix
   rows: 3
   cols: 1
   dt: d
   data: [ 7.2113591432571411e-01, 1.2686521530151367e+01,
       -1.3524385070800781e+02 ]
