%YAML:1.0
cameraMatrix: !!opencv-matrix
   rows: 3
   cols: 3
   dt: d
   data: [ 2.3669051837396692e+03, 0., 9.4104745668053442e+02, 0.,
       2.3669051837396692e+03, 4.3910416602014004e+02, 0., 0., 1. ]
focalLength: 2.3669051837396692e+03
fov: [ 4.4154253073728377e+01, 2.5703671122252814e+01 ]
principalPoint: [ 9.4104745668053442e+02, 4.3910416602014004e+02 ]
imageSize: [ 1920, 1080 ]
translationVector: !!opencv-matrix
   rows: 3
   cols: 1
   dt: d
   data: [ -8.7068127222732339e-01, 4.2054194465565091e+00,
       1.8900003908301562e+02 ]
rotationVector: !!opencv-matrix
   rows: 3
   cols: 1
   dt: d
   data: [ -1.9101368217460768e+00, 6.2273493708373595e-01,
       -1.7515693887694013e+00 ]
rotationMatrix: !!opencv-matrix
   rows: 3
   cols: 3
   dt: d
   data: [ 8.1256427133613252e-02, -1.5008837814867393e-02,
       9.9658021645872874e-01, -6.1746731546892486e-01,
       -7.8565313675391335e-01, 3.8513154068914535e-02,
       7.8238833540453490e-01, -6.1848515220349776e-01,
       -7.3106833652794023e-02 ]
rotationAngleRadians: 2.6654111884151952e+00
rotationAngleDegrees: 1.5271681213378906e+02
rotationAxis: !!opencv-matrix
   rows: 3
   cols: 1
   dt: d
   data: [ -7.1663870477027947e-01, 2.3363559806095163e-01,
       -6.5714790887887453e-01 ]
euler: !!opencv-matrix
   rows: 3
   cols: 1
   dt: d
   data: [ -3.8131427764892578e+01, -8.4070709228515625e+01,
       -1.7719358825683594e+02 ]
