%YAML:1.0
cameraMatrix: !!opencv-matrix
   rows: 3
   cols: 3
   dt: d
   data: [ 2.5613654392463172e+03, 0., 9.4916254203590597e+02, 0.,
       2.5613654392463172e+03, 1.7021887747232495e+02, 0., 0., 1. ]
focalLength: 2.5613654392463172e+03
fov: [ 4.1092005506242238e+01, 2.3810093825766096e+01 ]
principalPoint: [ 9.4916254203590597e+02, 1.7021887747232495e+02 ]
imageSize: [ 1920, 1080 ]
translationVector: !!opencv-matrix
   rows: 3
   cols: 1
   dt: d
   data: [ 6.9052343033976948e-01, 2.8055461189042738e+01,
       2.0802395456006079e+02 ]
rotationVector: !!opencv-matrix
   rows: 3
   cols: 1
   dt: d
   data: [ -1.9356124368781173e+00, 5.3875592262332561e-01,
       -1.9307287759653997e+00 ]
rotationMatrix: !!opencv-matrix
   rows: 3
   cols: 3
   dt: d
   data: [ -2.6670109325139801e-03, -1.9328838085769434e-02,
       9.9980962341384760e-01, -5.0113471949564570e-01,
       -8.6518074656745303e-01, -1.8062909095854229e-02,
       8.6536517145578840e-01, -5.0108748915457735e-01,
       -7.3789053425930007e-03 ]
rotationAngleRadians: 2.7864972736932305e+00
rotationAngleDegrees: 1.5965454101562500e+02
rotationAxis: !!opencv-matrix
   rows: 3
   cols: 1
   dt: d
   data: [ -6.9463998947777605e-01, 1.9334521792273537e-01,
       -6.9288737304465653e-01 ]
euler: !!opencv-matrix
   rows: 3
   cols: 1
   dt: d
   data: [ -3.0075096130371094e+01, -9.0176582336425781e+01,
       1.7880397033691406e+02 ]
