%YAML:1.0
cameraMatrix: !!opencv-matrix
   rows: 3
   cols: 3
   dt: d
   data: [ 2.4006561592136300e+03, 0., 9.4878415772688675e+02, 0.,
       2.4006561592136300e+03, 3.0780367217543511e+02, 0., 0., 1. ]
focalLength: 2.4006561592136300e+03
fov: [ 4.3592018313270280e+01, 2.5354059302573898e+01 ]
principalPoint: [ 9.4878415772688675e+02, 3.0780367217543511e+02 ]
imageSize: [ 1920, 1080 ]
translationVector: !!opencv-matrix
   rows: 3
   cols: 1
   dt: d
   data: [ 9.2903948734974329e-01, 6.4809459822756477e+00,
       1.9585208244013521e+02 ]
rotationVector: !!opencv-matrix
   rows: 3
   cols: 1
   dt: d
   data: [ -1.7716495345718783e+00, 6.6234990890136936e-01,
       -1.9048833720720375e+00 ]
rotationMatrix: !!opencv-matrix
   rows: 3
   cols: 3
   dt: d
   data: [ -7.0888583171953234e-02, 4.2793043677163412e-03,
       9.9747506050527468e-01, -6.2220271255766590e-01,
       -7.8178888310329775e-01, -4.0864737145623553e-02,
       7.7964004082766025e-01, -6.2352853167295141e-01,
       5.8082501048229429e-02 ]
rotationAngleRadians: 2.6844049873979414e+00
rotationAngleDegrees: 1.5380508422851562e+02
rotationAxis: !!opencv-matrix
   rows: 3
   cols: 1
   dt: d
   data: [ -6.5997848420374938e-01, 2.4673993380685866e-01,
       -7.0961102404987220e-01 ]
euler: !!opencv-matrix
   rows: 3
   cols: 1
   dt: d
   data: [ -3.8477169036865234e+01, -9.5195320129394531e+01,
       1.7700782775878906e+02 ]
